Divisors Part 2
~~~
Given an integer, return a sorted list of all of its divisors, including both 1 and the number itself.
In this problem, the integer can be up to 10^12.
~~~
divisor_list(n)
~~~
6
27
28
49
120
131
298349239
36
(720720000)
~~~
[1, 2, 3, 6]
[1, 3, 9, 27]
[1, 2, 4, 7, 14, 28]
[1, 7, 49]
[1, 2, 3, 4, 5, 6, 8, 10, 12, 15, 20, 24, 30, 40, 60, 120]
[1, 131]
[1, 31, 839, 11471, 26009, 355601, 9624169, 298349239]
[1, 2, 3, 4, 6, 9, 12, 18, 36]
[1, 2, 3, 4, 5, 6, 7, 8, 9, 10, 11, 12, 13, 14, 15, 16, 18, 20, 21, 22, 24, 25, 26, 28, 30, 32, 33, 35, 36, 39, 40, 42, 44, 45, 48, 50, 52, 55, 56, 60, 63, 64, 65, 66, 70, 72, 75, 77, 78, 80, 84, 88, 90, 91, 96, 99, 100, 104, 105, 110, 112, 117, 120, 125, 126, 128, 130, 132, 140, 143, 144, 150, 154, 156, 160, 165, 168, 175, 176, 180, 182, 192, 195, 198, 200, 208, 210, 220, 224, 225, 231, 234, 240, 250, 252, 260, 264, 273, 275, 280, 286, 288, 300, 308, 312, 315, 320, 325, 330, 336, 350, 352, 360, 364, 375, 384, 385, 390, 396, 400, 416, 420, 429, 440, 448, 450, 455, 462, 468, 480, 495, 500, 504, 520, 525, 528, 546, 550, 560, 572, 576, 585, 600, 616, 624, 625, 630, 640, 650, 660, 672, 693, 700, 704, 715, 720, 728, 750, 770, 780, 792, 800, 819, 825, 832, 840, 858, 875, 880, 896, 900, 910, 924, 936, 960, 975, 990, 1000, 1001, 1008, 1040, 1050, 1056, 1092, 1100, 1120, 1125, 1144, 1152, 1155, 1170, 1200, 1232, 1248, 1250, 1260, 1287, 1300, 1320, 1344, 1365, 1375, 1386, 1400, 1408, 1430, 1440, 1456, 1500, 1540, 1560, 1575, 1584, 1600, 1625, 1638, 1650, 1664, 1680, 1716, 1750, 1760, 1800, 1820, 1848, 1872, 1875, 1920, 1925, 1950, 1980, 2000, 2002, 2016, 2080, 2100, 2112, 2145, 2184, 2200, 2240, 2250, 2275, 2288, 2310, 2340, 2400, 2464, 2475, 2496, 2500, 2520, 2574, 2600, 2625, 2640, 2688, 2730, 2750, 2772, 2800, 2860, 2880, 2912, 2925, 3000, 3003, 3080, 3120, 3150, 3168, 3200, 3250, 3276, 3300, 3360, 3432, 3465, 3500, 3520, 3575, 3600, 3640, 3696, 3744, 3750, 3850, 3900, 3960, 4000, 4004, 4032, 4095, 4125, 4160, 4200, 4224, 4290, 4368, 4375, 4400, 4480, 4500, 4550, 4576, 4620, 4680, 4800, 4875, 4928, 4950, 4992, 5000, 5005, 5040, 5148, 5200, 5250, 5280, 5460, 5500, 5544, 5600, 5625, 5720, 5760, 5775, 5824, 5850, 6000, 6006, 6160, 6240, 6300, 6336, 6435, 6500, 6552, 6600, 6720, 6825, 6864, 6875, 6930, 7000, 7040, 7150, 7200, 7280, 7392, 7488, 7500, 7700, 7800, 7875, 7920, 8000, 8008, 8064, 8125, 8190, 8250, 8320, 8400, 8580, 8736, 8750, 8800, 9000, 9009, 9100, 9152, 9240, 9360, 9600, 9625, 9750, 9856, 9900, 10000, 10010, 10080, 10296, 10400, 10500, 10560, 10725, 10920, 11000, 11088, 11200, 11250, 11375, 11440, 11550, 11648, 11700, 12000, 12012, 12320, 12375, 12480, 12600, 12672, 12870, 13000, 13104, 13125, 13200, 13440, 13650, 13728, 13750, 13860, 14000, 14300, 14400, 14560, 14625, 14784, 14976, 15000, 15015, 15400, 15600, 15750, 15840, 16000, 16016, 16250, 16380, 16500, 16800, 17160, 17325, 17472, 17500, 17600, 17875, 18000, 18018, 18200, 18304, 18480, 18720, 19250, 19500, 19800, 20000, 20020, 20160, 20475, 20592, 20625, 20800, 21000, 21120, 21450, 21840, 22000, 22176, 22400, 22500, 22750, 22880, 23100, 23400, 24000, 24024, 24375, 24640, 24750, 24960, 25025, 25200, 25740, 26000, 26208, 26250, 26400, 27300, 27456, 27500, 27720, 28000, 28600, 28800, 28875, 29120, 29250, 29568, 30000, 30030, 30800, 31200, 31500, 31680, 32032, 32175, 32500, 32760, 33000, 33600, 34125, 34320, 34650, 34944, 35000, 35200, 35750, 36000, 36036, 36400, 36960, 37440, 38500, 39000, 39375, 39600, 40000, 40040, 40320, 40950, 41184, 41250, 41600, 42000, 42900, 43680, 44000, 44352, 45000, 45045, 45500, 45760, 46200, 46800, 48000, 48048, 48125, 48750, 49280, 49500, 50050, 50400, 51480, 52000, 52416, 52500, 52800, 53625, 54600, 54912, 55000, 55440, 56000, 56875, 57200, 57750, 58240, 58500, 60000, 60060, 61600, 61875, 62400, 63000, 63360, 64064, 64350, 65000, 65520, 66000, 67200, 68250, 68640, 69300, 70000, 71500, 72000, 72072, 72800, 73125, 73920, 74880, 75075, 77000, 78000, 78750, 79200, 80000, 80080, 81900, 82368, 82500, 84000, 85800, 86625, 87360, 88000, 88704, 89375, 90000, 90090, 91000, 91520, 92400, 93600, 96096, 96250, 97500, 99000, 100100, 100800, 102375, 102960, 104000, 104832, 105000, 105600, 107250, 109200, 110000, 110880, 112000, 113750, 114400, 115500, 117000, 120000, 120120, 123200, 123750, 124800, 125125, 126000, 128128, 128700, 130000, 131040, 132000, 136500, 137280, 138600, 140000, 143000, 144000, 144144, 144375, 145600, 146250, 147840, 150150, 154000, 156000, 157500, 158400, 160160, 160875, 163800, 164736, 165000, 168000, 170625, 171600, 173250, 174720, 176000, 178750, 180000, 180180, 182000, 184800, 187200, 192192, 192500, 195000, 198000, 200200, 201600, 204750, 205920, 208000, 210000, 214500, 218400, 220000, 221760, 225225, 227500, 228800, 231000, 234000, 240000, 240240, 246400, 247500, 250250, 252000, 257400, 260000, 262080, 264000, 268125, 273000, 274560, 277200, 280000, 286000, 288288, 288750, 291200, 292500, 300300, 308000, 312000, 315000, 316800, 320320, 321750, 327600, 330000, 336000, 341250, 343200, 346500, 357500, 360000, 360360, 364000, 369600, 374400, 375375, 384384, 385000, 390000, 396000, 400400, 409500, 411840, 420000, 429000, 433125, 436800, 440000, 443520, 450450, 455000, 457600, 462000, 468000, 480480, 495000, 500500, 504000, 511875, 514800, 520000, 524160, 528000, 536250, 546000, 554400, 560000, 572000, 576576, 577500, 585000, 600600, 616000, 624000, 625625, 630000, 640640, 643500, 655200, 660000, 682500, 686400, 693000, 715000, 720000, 720720, 728000, 739200, 750750, 770000, 780000, 792000, 800800, 804375, 819000, 823680, 840000, 858000, 866250, 873600, 880000, 900900, 910000, 924000, 936000, 960960, 990000, 1001000, 1008000, 1023750, 1029600, 1040000, 1072500, 1092000, 1108800, 1126125, 1144000, 1153152, 1155000, 1170000, 1201200, 1232000, 1251250, 1260000, 1287000, 1310400, 1320000, 1365000, 1372800, 1386000, 1430000, 1441440, 1456000, 1501500, 1540000, 1560000, 1584000, 1601600, 1608750, 1638000, 1680000, 1716000, 1732500, 1801800, 1820000, 1848000, 1872000, 1876875, 1921920, 1980000, 2002000, 2047500, 2059200, 2145000, 2184000, 2217600, 2252250, 2288000, 2310000, 2340000, 2402400, 2502500, 2520000, 2574000, 2620800, 2640000, 2730000, 2772000, 2860000, 2882880, 3003000, 3080000, 3120000, 3203200, 3217500, 3276000, 3432000, 3465000, 3603600, 3640000, 3696000, 3753750, 3960000, 4004000, 4095000, 4118400, 4290000, 4368000, 4504500, 4620000, 4680000, 4804800, 5005000, 5040000, 5148000, 5460000, 5544000, 5630625, 5720000, 5765760, 6006000, 6160000, 6435000, 6552000, 6864000, 6930000, 7207200, 7280000, 7507500, 7920000, 8008000, 8190000, 8580000, 9009000, 9240000, 9360000, 9609600, 10010000, 10296000, 10920000, 11088000, 11261250, 11440000, 12012000, 12870000, 13104000, 13860000, 14414400, 15015000, 16016000, 16380000, 17160000, 18018000, 18480000, 20020000, 20592000, 21840000, 22522500, 24024000, 25740000, 27720000, 28828800, 30030000, 32760000, 34320000, 36036000, 40040000, 45045000, 48048000, 51480000, 55440000, 60060000, 65520000, 72072000, 80080000, 90090000, 102960000, 120120000, 144144000, 180180000, 240240000, 360360000, 720720000]
